WEIGHT
29316
2126
-44765
20360
-32021
18596
-42560
-37205
-122078
-37021
-79570
-79741
-139926
-211345
-110571
-233320
-141960
-271743
-288906
-232178
-510185
-515136
-444357
-393278
-1122919
-788168
-895704
-733645
-1541291
-1578294
-1675534
-1652119
-2091110
-1934208
-2229428
-2359192
-4811598
-4739387
-4717250
-4537267
-8722212
-9314968
-9845767
-8681447
-17844628
-18800966
-18741474
-18190442
-22086729
-22338561
-22581384
-22606313
-45978687
-45195405
-47854708
-46420311
-92003321
-94397064
-88783643
-93017025
-186834082
-185997521
-182065015
-180803872
-230698391
-230168572
-231393935
-231011693