2.4e-05
2.41e-05
2.36e-05
2.18e-05
4.69e-05
6.25e-05
4.65e-05
5.7e-05
9.45e-05
8.81e-05
0.0001016
8.78e-05
0.0001847
0.0001895
0.0001729
0.0003008
0.000235
0.000224
0.0002252
0.0002199
0.0004683
0.0004614
0.0004612
0.0004762
0.0010315
0.0010153
0.0009306
0.0009906
0.0026514
0.0023646
0.0021213
0.0020648
0.0028398
0.0028494
0.0028617
0.0037547
0.0059886
0.0081062
0.0062848
0.0064422
0.0121279
0.0121824
0.0116518
0.0118341
0.0243113
0.023471
0.021604
0.0283251
0.0309016
0.0301652
0.0320103
0.030413
0.0560666
0.0573211
0.0573475
0.0635246
0.128064
0.162409
0.144894
0.143385
0.345774
0.302005
0.29419
0.25117
0.320372
0.319531
0.319775
0.317986