1.05e-05
1.14e-05
1.1e-05
1.06e-05
1.93e-05
2e-05
2.06e-05
1.99e-05
3.92e-05
3.78e-05
3.67e-05
3.7e-05
7.87e-05
7.66e-05
7.65e-05
8.15e-05
0.000112
9.55e-05
9.84e-05
0.0003199
0.000201
0.0001909
0.0001898
0.0001944
0.0004264
0.0004638
0.000409
0.0003927
0.0010039
0.0008272
0.0008555
0.0007788
0.0009841
0.0014536
0.0011023
0.0009631
0.0023845
0.001968
0.0019705
0.0019733
0.004142
0.0038242
0.0038547
0.004061
0.010263
0.0139652
0.0126452
0.0089796
0.0128127
0.0113965
0.0101575
0.0106407
0.0228003
0.0217032
0.0215138
0.0229037
0.0443735
0.0592167
0.0519939
0.0580233
0.0925228
0.093695
0.0929698
0.0954834
0.121039
0.119103
0.117521
0.117548